# ell TT EE TE
24.5239 -3.81504e-07 -1.54777e-09 -1.30806e-08
98.8057 1.90752e-05 7.73885e-08 6.54031e-07
197.099 -0.00192621 -7.81469e-06 -6.6044e-05
295.155 0.194528 0.000789206 0.00666979
393.214 0.0741498 0.000785612 0.000309104
491.272 0.0586503 0.000240914 -0.00132094
589.33 0.0384601 0.000339255 0.000317798
687.388 0.0241234 0.000447028 -0.00111434
785.447 0.0237237 0.000166664 -0.00081064
883.505 0.0145038 0.00018481 0.000342928
981.563 0.00683109 0.000248123 -0.000130058
1079.62 0.00608458 0.000107039 -0.000331248
1177.68 0.00447448 7.75948e-05 -9.53927e-06
1275.74 0.00271717 0.000106701 -0.000113189
1373.8 0.00250738 5.61381e-05 -0.000161156
1471.85 0.00186897 3.6321e-05 -9.96951e-06
1569.91 0.00104558 4.80188e-05 -1.93386e-05
1667.97 0.000836558 2.9462e-05 -5.91366e-05
1766.03 0.000672935 1.57508e-05 -2.04875e-05
1864.09 0.000437246 1.84026e-05 -1.54004e-05
1962.15 0.000355152 1.32499e-05 -2.63575e-05
2060.2 0.000286411 7.29567e-06 -1.11679e-05
2158.26 0.000183797 7.47661e-06 -4.68847e-06
2256.32 0.00013464 5.97194e-06 -8.87409e-06
2354.38 0.000109792 3.34342e-06 -5.85771e-06
2452.44 7.80075e-05 2.8412e-06 -3.07476e-06
2550.5 5.8915e-05 2.41723e-06 -3.80376e-06
2648.55 4.75813e-05 1.50579e-06 -2.70459e-06
2746.61 3.38786e-05 1.17312e-06 -1.28001e-06
2844.67 2.42536e-05 1.01057e-06 -1.29124e-06
2942.73 1.92061e-05 6.75229e-07 -1.12046e-06
3040.79 1.45837e-05 4.81226e-07 -6.70344e-07
3138.84 1.09581e-05 4.01331e-07 -5.69417e-07
3236.9 8.66586e-06 2.90962e-07 -4.81018e-07
3334.96 6.58913e-06 2.09209e-07 -2.93472e-07
3433.02 5.20185e-06 1.69936e-07 -2.15301e-07
3531.08 -5.15086e-08 1.28378e-07 -1.88188e-07
3629.14 5.10036e-10 9.23012e-08 -1.35087e-07
3727.19 -5.05035e-12 7.21323e-08 -9.97723e-08
3825.25 5.00084e-14 5.61458e-08 -8.22396e-08
3923.31 -4.95181e-16 4.49357e-08 -6.55598e-08
4021.37 4.90327e-18 -4.44952e-10 6.49171e-10
4119.43 -4.85519e-20 4.40589e-12 -6.42806e-12
4217.49 4.80759e-22 -4.3627e-14 6.36504e-14
4315.54 -4.76046e-24 4.31993e-16 -6.30264e-16
4413.6 4.71379e-26 -4.27757e-18 6.24085e-18
4511.66 -4.66758e-28 4.23564e-20 -6.17967e-20
4609.72 4.62182e-30 -4.19411e-22 6.11908e-22
4707.77 -4.5765e-32 4.15299e-24 -6.05909e-24
4806.08 4.53209e-34 -4.11269e-26 6.00029e-26
4879.38 -9.06418e-36 8.22538e-28 -1.20006e-27
